в начале идут размеры, затем время в милисекундах.
hybrid merge sort on random with threshold: 5
500 0
1000 1
5000 8
10000 15
20000 34
30000 57
40000 82
50000 110
60000 106
70000 114
80000 88
90000 101
hybrid merge sort on sorted with threshold: 5
500 0
1000 0
5000 6
10000 11
20000 29
30000 43
40000 54
50000 92
60000 96
70000 102
80000 72
90000 87
hybrid merge nearly sorted with threshold: 5
500 0
1000 1
5000 8
10000 11
20000 34
30000 43
40000 66
50000 84
60000 103
70000 102
80000 75
90000 91
hybrid merge sort on random with threshold: 10
500 0
1000 0
5000 4
10000 9
20000 22
30000 35
40000 73
50000 69
60000 76
70000 82
80000 84
90000 112
hybrid merge sort on sorted with threshold: 10
500 0
1000 0
5000 3
10000 7
20000 17
30000 27
40000 37
50000 54
60000 62
70000 67
80000 65
90000 96
hybrid merge nearly sorted with threshold: 10
500 0
1000 0
5000 3
10000 7
20000 18
30000 29
40000 38
50000 55
60000 67
70000 71
80000 74
90000 99
hybrid merge sort on random with threshold: 20
500 0
1000 0
5000 2
10000 6
20000 17
30000 28
40000 41
50000 52
60000 58
70000 67
80000 75
90000 95
hybrid merge sort on sorted with threshold: 20
500 0
1000 0
5000 1
10000 5
20000 12
30000 21
40000 26
50000 39
60000 44
70000 50
80000 55
90000 76
hybrid merge nearly sorted with threshold: 20
500 0
1000 0
5000 2
10000 5
20000 13
30000 23
40000 29
50000 43
60000 49
70000 55
80000 61
90000 83
hybrid merge sort on random with threshold: 30
500 0
1000 0
5000 2
10000 6
20000 15
30000 25
40000 35
50000 44
60000 51
70000 64
80000 72
90000 83
hybrid merge sort on sorted with threshold: 30
500 0
1000 0
5000 1
10000 5
20000 11
30000 17
40000 24
50000 31
60000 35
70000 46
80000 52
90000 60
hybrid merge nearly sorted with threshold: 30
500 0
1000 0
5000 2
10000 5
20000 12
30000 19
40000 28
50000 35
60000 40
70000 52
80000 59
90000 68
hybrid merge sort on random with threshold: 50
500 0
1000 0
5000 2
10000 6
20000 14
30000 23
40000 32
50000 42
60000 50
70000 60
80000 69
90000 79
hybrid merge sort on sorted with threshold: 50
500 0
1000 0
5000 1
10000 4
20000 9
30000 15
40000 20
50000 25
60000 33
70000 39
80000 45
90000 50
hybrid merge nearly sorted with threshold: 50
500 0
1000 0
5000 1
10000 4
20000 10
30000 18
40000 24
50000 30
60000 38
70000 46
80000 52
90000 59
.
threshold = 15 на сравнении с merge sort.
merge sort on random:
500 0
1000 1
5000 9
10000 18
20000 37
30000 56
40000 74
50000 95
60000 114
70000 133
80000 153
90000 175
hybrid merge sort on random:
500 0
1000 0
5000 2
10000 5
20000 11
30000 16
40000 24
50000 29
60000 35
70000 46
80000 52
90000 58
merge sort on sorted:
500 0
1000 1
5000 8
10000 17
20000 35
30000 52
40000 70
50000 89
60000 106
70000 124
80000 143
90000 164
hybrid merge sort on sorted:
500 0
1000 0
5000 2
10000 4
20000 9
30000 12
40000 19
50000 22
60000 26
70000 36
80000 40
90000 44
merge sort on nearly sorted:
500 0
1000 1
5000 8
10000 18
20000 35
30000 53
40000 70
50000 89
60000 106
70000 126
80000 144
90000 164
hybrid merge sort on nearly sorted:
500 0
1000 0
5000 2
10000 4
20000 9
30000 12
40000 19
50000 22
60000 26
70000 37
80000 41
90000 45
merge sort on random:
500 1
1000 2
5000 17
10000 31
20000 87
30000 112
40000 117
50000 126
60000 144
70000 166
80000 192
90000 228
hybrid merge sort on random:
500 0
1000 0
5000 5
10000 9
20000 26
30000 29
40000 38
50000 38
60000 46
70000 57
80000 67
90000 75
merge sort on sorted:
500 1
1000 2
5000 18
10000 35
20000 82
30000 99
40000 114
50000 112
60000 139
70000 155
80000 181
90000 212
hybrid merge sort on sorted:
500 0
1000 0
5000 3
10000 8
20000 19
30000 21
40000 31
50000 30
60000 32
70000 46
80000 65
90000 64
merge sort on nearly sorted:
500 1
1000 2
5000 14
10000 37
20000 78
30000 105
40000 116
50000 121
60000 137
70000 157
80000 198
90000 229
hybrid merge sort on nearly sorted:
500 0
1000 0
5000 3
10000 10
20000 17
30000 24
40000 30
50000 31
60000 35
70000 49
80000 56
90000 59
